1+1>2

sss <- 2